%YAML:1.0
calibration_time: "Sat 16 Jan 2016 04:07:41 PM PST"
nframes: 10
image_width: 640
image_height: 480
board_width: 6
board_height: 3
square_size: 1.
aspectRatio: 1.
flags: 2
camera_matrix: !!opencv-matrix
   rows: 3
   cols: 3
   dt: d
   data: [ 7.1934404824447961e+02, 0., 3.3355473492064021e+02, 0.,
       7.1934404824447961e+02, 2.3194400091861667e+02, 0., 0., 1. ]
distortion_coefficients: !!opencv-matrix
   rows: 5
   cols: 1
   dt: d
   data: [ 1.4834649654694176e-01, -4.4650152953855837e-01,
       -1.3693400685952048e-02, 2.5509689902826174e-03,
       9.6627887815870106e-01 ]
avg_reprojection_error: 1.0390675422444334e-01
per_view_reprojection_errors: !!opencv-matrix
   rows: 10
   cols: 1
   dt: f
   data: [ 1.26578942e-01, 8.56772140e-02, 7.91260377e-02,
       1.01544894e-01, 1.22988537e-01, 1.14403255e-01, 1.47627145e-01,
       8.81561264e-02, 7.15071037e-02, 7.16812313e-02 ]
extrinsic_parameters: !!opencv-matrix
   rows: 10
   cols: 6
   dt: d
   data: [ 1.3432858061458322e-01, -6.1696903056106610e-02,
       3.1236817627344715e+00, 8.1972578206689617e-01,
       2.9237678371913058e+00, 1.9627111445815618e+01,
       2.3236962581721379e-01, 5.8942403076245022e-02,
       3.1024745540911360e+00, 1.8790796239589098e+00,
       2.5653180979006529e+00, 2.0373032471403199e+01,
       -1.1784426316445307e-01, 2.7496702312484123e-01,
       2.5112097432835561e+00, 2.1384261950536247e+00,
       9.6961491533913913e-01, 2.4362615818690006e+01,
       -6.5280673412127121e-02, 1.9151601668873408e-01,
       1.8203787924117638e+00, -4.4350283828199244e-01,
       -1.2872882647310904e+00, 2.2957511187097136e+01,
       -3.2370834896795334e-02, 7.1997361999462800e-02,
       1.9611569060015008e+00, 1.1668903386152603e-01,
       -2.5213818535600718e-01, 1.7596153746356663e+01,
       -3.4499171833426046e-02, 3.1512375961400885e-02,
       1.9776876591304009e+00, 3.6922286865664766e-01,
       -2.1501782118313506e-01, 1.6804297921166739e+01,
       8.8455059353854282e-02, -7.3797284785379808e-02,
       -2.7377394219461606e+00, 2.1649543640737128e+00,
       3.5952379630992430e+00, 2.2516366531248405e+01,
       -8.9850720862743857e-02, -1.3516355659034060e-01,
       -2.1176302138815442e+00, 1.9752911830942068e+00,
       6.5584491008466701e+00, 2.9628876406491127e+01,
       -3.9031191679850100e-02, -1.2280103925750364e-01,
       -1.9641133834388649e+00, 1.5876581756001831e+00,
       6.7453061685255200e+00, 3.2507733764442420e+01,
       1.2552670813458148e-02, -2.4672541636349635e-01,
       -2.2696066025122912e+00, 4.0077670490801260e+00,
       3.6992924900929305e+00, 3.0329558868504158e+01 ]
image_points: !!opencv-matrix
   rows: 10
   cols: 18
   dt: "2f"
   data: [ 3.63507538e+02, 3.38868927e+02, 3.27195953e+02,
       3.38833130e+02, 2.91003967e+02, 3.38795074e+02, 2.55340042e+02,
       3.38752197e+02, 2.19623154e+02, 3.38770844e+02, 1.84095367e+02,
       3.38894073e+02, 3.62966736e+02, 3.02493073e+02, 3.26503571e+02,
       3.02590759e+02, 2.90362366e+02, 3.02666656e+02, 2.54510895e+02,
       3.02813934e+02, 2.18693604e+02, 3.02927155e+02, 1.82893845e+02,
       3.03166870e+02, 3.62435181e+02, 2.66023804e+02, 3.25933105e+02,
       2.66278687e+02, 2.89660797e+02, 2.66432129e+02, 2.53707703e+02,
       2.66665710e+02, 2.17812805e+02, 2.66808105e+02, 1.82030334e+02,
       2.67246887e+02, 3.99966125e+02, 3.22421570e+02, 3.64742157e+02,
       3.22800446e+02, 3.30188477e+02, 3.23232147e+02, 2.96150879e+02,
       3.23643463e+02, 2.62468933e+02, 3.24013428e+02, 2.29176865e+02,
       3.24560791e+02, 3.98990295e+02, 2.87059875e+02, 3.63757812e+02,
       2.87719574e+02, 3.29233673e+02, 2.88515656e+02, 2.95294983e+02,
       2.89140106e+02, 2.61661072e+02, 2.89822113e+02, 2.28318741e+02,
       2.90513000e+02, 3.97741302e+02, 2.51796402e+02, 3.62759033e+02,
       2.52804062e+02, 3.28252258e+02, 2.53861176e+02, 2.94422028e+02,
       2.54826172e+02, 2.60835236e+02, 2.55748077e+02, 2.27652267e+02,
       2.56717712e+02, 3.96754700e+02, 2.60579529e+02, 3.72930450e+02,
       2.77305298e+02, 3.48758331e+02, 2.94392487e+02, 3.24472321e+02,
       3.11535706e+02, 2.99746307e+02, 3.29049652e+02, 2.74808075e+02,
       3.46730591e+02, 3.79329987e+02, 2.36901276e+02, 3.55464935e+02,
       2.53494125e+02, 3.31421326e+02, 2.70327881e+02, 3.07215088e+02,
       2.87242340e+02, 2.82590332e+02, 3.04428345e+02, 2.57637543e+02,
       3.21755951e+02, 3.62017120e+02, 2.13820114e+02, 3.38331085e+02,
       2.30161026e+02, 3.14354828e+02, 2.46658676e+02, 2.90268005e+02,
       2.63285980e+02, 2.65645660e+02, 2.80196899e+02, 2.40867050e+02,
       2.97237274e+02, 3.19757080e+02, 1.91497299e+02, 3.11532562e+02,
       2.21409241e+02, 3.03351990e+02, 2.51722443e+02, 2.94952454e+02,
       2.82311523e+02, 2.86480896e+02, 3.13271637e+02, 2.77836731e+02,
       3.44466339e+02, 2.89447296e+02, 1.83873260e+02, 2.81236053e+02,
       2.13742996e+02, 2.72759399e+02, 2.43887451e+02, 2.64343964e+02,
       2.74271332e+02, 2.55652695e+02, 3.05007477e+02, 2.46816147e+02,
       3.36213257e+02, 2.59484894e+02, 1.76444824e+02, 2.51051987e+02,
       2.06201416e+02, 2.42638290e+02, 2.36188324e+02, 2.33980240e+02,
       2.66324554e+02, 2.25291519e+02, 2.96999329e+02, 2.16219940e+02,
       3.27771973e+02, 3.38413177e+02, 2.21768295e+02, 3.22716309e+02,
       2.59368042e+02, 3.07056732e+02, 2.97450775e+02, 2.91280640e+02,
       3.35483582e+02, 2.75313446e+02, 3.74078827e+02, 2.59288239e+02,
       4.12601532e+02, 3.00467346e+02, 2.06102493e+02, 2.84815887e+02,
       2.43693771e+02, 2.68987152e+02, 2.81513367e+02, 2.53154327e+02,
       3.19575409e+02, 2.37111053e+02, 3.57856537e+02, 2.20759872e+02,
       3.96733795e+02, 2.62847870e+02, 1.90573914e+02, 2.47060730e+02,
       2.28089874e+02, 2.31236496e+02, 2.65907166e+02, 2.15222260e+02,
       3.03632141e+02, 1.98990631e+02, 3.42028351e+02, 1.82583603e+02,
       3.80535889e+02, 3.49399139e+02, 2.22877640e+02, 3.32509338e+02,
       2.62013947e+02, 3.15519836e+02, 3.01547760e+02, 2.98462708e+02,
       3.40979980e+02, 2.81242676e+02, 3.80872284e+02, 2.63997650e+02,
       4.20777466e+02, 3.09971008e+02, 2.05734619e+02, 2.93059814e+02,
       2.45011215e+02, 2.75824493e+02, 2.84374847e+02, 2.58732178e+02,
       3.23873932e+02, 2.41458054e+02, 3.63629608e+02, 2.23908249e+02,
       4.03790894e+02, 2.70549774e+02, 1.88769958e+02, 2.53540344e+02,
       2.27951019e+02, 2.36422485e+02, 2.67359711e+02, 2.19146164e+02,
       3.06673737e+02, 2.01659058e+02, 3.46547882e+02, 1.84054321e+02,
       3.86517578e+02, 4.02618011e+02, 3.46739502e+02, 3.73399994e+02,
       3.34418976e+02, 3.43974945e+02, 3.22023071e+02, 3.14600830e+02,
       3.09615417e+02, 2.84982117e+02, 2.97137390e+02, 2.55316589e+02,
       2.84754700e+02, 4.15068207e+02, 3.17089111e+02, 3.85782135e+02,
       3.04654449e+02, 3.56467468e+02, 2.92297943e+02, 3.27178223e+02,
       2.79872498e+02, 2.97613525e+02, 2.67475159e+02, 2.67950897e+02,
       2.54996613e+02, 4.27273407e+02, 2.87526642e+02, 3.98058228e+02,
       2.75109039e+02, 3.68748688e+02, 2.62700500e+02, 3.39539978e+02,
       2.50400436e+02, 3.10116272e+02, 2.37874512e+02, 2.80555267e+02,
       2.25397858e+02, 3.81541595e+02, 3.90872406e+02, 3.68661133e+02,
       3.69842285e+02, 3.55881226e+02, 3.48927460e+02, 3.43385315e+02,
       3.28267731e+02, 3.30746399e+02, 3.07761658e+02, 3.18393646e+02,
       2.87477722e+02, 4.02300659e+02, 3.77994141e+02, 3.89342041e+02,
       3.56963440e+02, 3.76491241e+02, 3.36197144e+02, 3.63763580e+02,
       3.15661926e+02, 3.51214020e+02, 2.95314331e+02, 3.38638000e+02,
       2.75064575e+02, 4.22768127e+02, 3.65082550e+02, 4.09748535e+02,
       3.44272156e+02, 3.96862396e+02, 3.23509491e+02, 3.84159912e+02,
       3.03183319e+02, 3.71454529e+02, 2.82820282e+02, 3.58882355e+02,
       2.62749298e+02, 3.68710144e+02, 3.80852570e+02, 3.60106781e+02,
       3.60269409e+02, 3.51463654e+02, 3.39636414e+02, 3.42869293e+02,
